image_width: 1280
image_height: 720
camera_name: head_camera
camera_matrix:
  rows: 3
  cols: 3
  data: [972.9625798189563, 0, 667.4448833985147, 0, 965.6831943660118, 291.2992705291906, 0, 0, 1]
distortion_model: plumb_bob
distortion_coefficients:
  rows: 1
  cols: 5
  data: [0.01403264600468052, -0.02787608641296489, -0.000747513019050888, -0.0009274030477099758, 0]
rectification_matrix:
  rows: 3
  cols: 3
  data: [1, 0, 0, 0, 1, 0, 0, 0, 1]
projection_matrix:
  rows: 3
  cols: 4
  data: [973.9244995117188, 0, 666.5125009186413, 0, 0, 967.762939453125, 290.8370820670825, 0, 0, 0, 1, 0]
